# Created by Octave 3.4.3, Tue Jun 19 08:17:46 2012 PDT <reid@localhost>
# name: X
# type: matrix
# rows: 307
# columns: 2
 13.04681516870484 14.7411524132184
 13.4085201853932 13.76326960024047
 14.19591481245491 15.85318112982812
 14.91470076531303 16.17425986715807
 13.5766996051752 14.04284943755652
 13.92240250750028 13.40646893666083
 12.82213163903098 14.22318782380161
 15.6763661470048 15.89169137219994
 16.16287532482238 16.20299807446642
 12.66645094909174 14.8990837351338
 13.98454962300191 12.95800821585463
 14.06146043109355 14.54908874282629
 13.38988671215899 15.56202141787754
 13.39350474623341 15.62698794188875
 13.97900926099814 13.28061494266342
 14.16791258723419 14.46583828507579
 13.96176145283657 14.75182421254904
 14.45899735355037 15.07018562997125
 14.58476371878708 15.82743423785702
 12.07427073619131 13.06711089796514
 13.54912940444922 15.53827676982062
 13.98625041879221 14.78776303583677
 14.96991942049244 16.51830493015889
 14.2557659665841 15.29427277420701
 15.33425000108006 16.12469988952639
 15.63504869777692 16.49094476663806
 13.62081291712303 15.45947525058772
 14.81548484709227 15.33956526603583
 14.59318972857327 14.61238105671215
 14.48906754712418 15.64087368177291
 15.52704801171451 14.63568031226173
 13.97506707358789 14.76531532927648
 12.95364954381841 14.82328512087584
 12.88787444214799 15.07607810133002
 16.02178960565569 16.25746991816081
 14.9262927071427 16.29725072434191
 12.46559400363085 14.18321211753596
 14.08466278107714 14.44192203204038
 14.53717522545769 14.24224248113181
 14.22250851601845 15.42386187610343
 14.51908495978717 13.99871698993444
 13.11971433616167 14.66081845898369
 14.5108889424642 15.30465148682366
 14.18262426407451 15.3938896849634
 14.71651844926282 15.73369667477785
 13.83454699853918 16.17138034441191
 16.00076179182642 14.69232970320203
 14.12702715242892 15.91462774747984
 13.84578546855034 14.34139348861173
 15.41426110064101 16.24243182463628
 13.25273726696165 15.00861363933526
 13.66840226015763 14.35886035673854
 13.77534773921765 14.73808512203812
 14.12582342640922 14.92980922624493
 14.54724604324321 15.6333944514067
 14.15258077112493 14.53622696521789
 14.12648161131633 15.34467591276852
 14.26324658304056 14.98556918087115
 14.77324331862399 15.25299473774317
 14.20969933686442 16.14572569071713
 13.260655152992 15.48016214411599
 14.25273350867239 15.03134360663839
 12.92124446791387 13.19321540142361
 13.852431292546 13.33213110580615
 13.96856800302965 13.19821236714215
 13.25206981975186 15.36846390294601
 13.70449633962696 13.21431301976872
 14.5087472134072 15.46051652161006
 15.69042695638351 16.48168851978138
 12.95598191982515 12.43703005897334
 13.59312604041728 14.84189902611636
 15.12874638631439 17.14981222613881
 14.26705036670259 15.67551973639503
 15.6614505451442 14.81146451457414
 14.33962672797097 15.49202297710026
 14.2761765458781 14.70590693250814
 14.86049072335336 15.59000779027686
 14.10414479623351 15.1805045637764
 15.98828286381979 15.62105187028486
 13.47473582792461 15.59307141917535
 13.77637601475249 14.99194426684731
 12.82770875129005 15.67136906874635
 13.67165486007913 15.11954159126301
 15.38704283906103 15.56936935237784
 15.54320933642332 15.51543150058866
 13.85306094119846 15.60672436869602
 13.62525245784644 14.45209462876985
 15.0157784412311 14.91664093008973
 13.83645753449745 15.24940725360926
 14.22694438547307 14.3479843622948
 13.23742625416296 14.61058751286003
 13.38482919115422 14.7331933025011
 13.87130103241151 14.97399468636979
 12.39445846815594 14.64448216946588
 14.32186557845068 14.52890629439163
 15.82965092460402 15.71619455432355
 15.80177302202355 16.01808914480403
 14.69751200330076 14.11198748714029
 14.70598656653535 16.46040295414171
 13.59156859810395 14.91975097196414
 12.29984538869378 14.77119467910275
 13.3990474777037 16.11912910518291
 15.13112869806696 15.90031130320181
 15.38581197702793 15.71453967469415
 15.45487421920634 15.4404224240544
 13.74951530855867 15.26803135994583
 15.69914333094722 16.05595814533895
 14.80580490719942 14.33258926354469
 15.17222942648117 16.70624397729834
 11.24915511828765 15.13295896107001
 13.88773906521638 14.48548132472444
 15.3258701791002 16.58524064023295
 12.97517063349011 15.1605677140184
 14.07427780835002 17.21973519125371
 14.1820256369139 17.83351945487566
 12.23970014041095 14.72866833837743
 14.82555960703615 15.94500684833057
 13.09763368416417 16.23036500469445
 13.85758877756093 15.03526838191721
 15.52502523459987 16.78653607805479
 15.31499528329094 14.56835427536349
 14.03034873517879 15.6633618769716
 14.42312994571211 14.94109334872472
 13.63615118835241 14.96411634434718
 14.53477942776931 13.35611764012331
 14.61566223678644 14.15241034694619
 13.08085544352481 14.0284594118694
 14.93928677902786 14.54933745884242
 16.0271266262212 15.70965830468461
 14.31925037139242 15.11762658185582
 14.86153307492049 14.28458412390706
 14.01432032507764 16.77971266133154
 13.40765469906171 14.60041190939531
 13.0795973186072 14.19389917316378
 12.68820688788819 13.81109597020173
 14.19232756586644 15.36498178724437
 14.86589365075524 14.47138789706538
 13.39350297747264 14.34389892642248
 13.58659142682796 14.39148496395445
 13.10219289551651 14.3760326021477
 14.54176555566262 16.37233995317341
 14.25602703003231 15.0423494965284
 16.18754760471493 16.36145253974863
 13.63292362573135 13.62886893815872
 14.65349334618363 14.97649220824924
 12.61911799757794 16.77214314245786
 13.03427729514449 14.25689090988086
 10.85940051666349 14.47914434225415
 12.93486070587027 14.60746677979927
 13.9922676551586 14.96212808248882
 12.57248704338531 15.1972734968139
 15.68266703007037 16.22123922102406
 13.2125815156299 14.3518273677709
 13.98975002194823 14.52445650352669
 13.4662664096024 13.65765529406475
 13.13166385488746 15.79882584075226
 14.35439254719252 15.02329268379058
 13.55329410888779 13.73218768633878
 12.98628429130503 14.80983707085099
 14.37264883162727 14.95148191190331
 13.58869050224715 15.19778174710474
 12.26002251889708 15.61364103922988
 13.66602493759934 16.44517365387813
 14.34554567080519 15.44883765222099
 14.60667497581217 15.77655361118647
 14.15369523977195 16.57440586446113
 14.04899502017924 14.39078838248393
 14.06857464220482 14.62364257375797
 15.88890082127304 16.33705609429303
 13.97601419894874 15.84206442894244
 10.88221341356124 13.46166188373757
 13.90920312008345 14.97657577218348
 12.36776146202978 15.14204982137499
 15.16765639256333 15.51933856946829
 15.3376951724287 14.23319145087297
 13.55057689653119 15.73044061233337
 13.57918656724497 15.47264441338775
 14.24479089854792 15.0850911865811
 15.33086296717245 15.71142599198902
 15.91714892779239 15.15651432878437
 13.85421253890297 15.32125758133508
 14.08736591098981 14.30728373787297
 12.63610997338858 15.65066101888946
 14.36282756033598 13.87195409310256
 14.50066606012271 14.61759024545319
 13.96984547008964 16.17341605305203
 15.13133128099397 15.28924849061305
 15.15300231315136 14.01362830007739
 13.31011939341444 14.39060274697614
 14.25712172586539 14.29705004451436
 13.71613134707139 13.52733470384027
 15.70094057818437 15.99611428697285
 13.38943515399727 14.36513422537798
 14.14088666467278 13.97440554314796
 14.84487049785213 14.01695105963744
 12.70489590338878 14.27293037161499
 14.95353525235777 14.73218902472499
 14.28114117782965 14.61262377516035
 13.06799073973982 14.83286345035982
 13.60279699846308 12.20295198971654
 12.68816488185228 15.81141680713469
 13.88291727981215 14.11808370066965
 14.016482216113 14.33509982485053
 15.36576550135049 15.82610475260424
 13.57764756126836 14.88045533202498
 13.3918924208501 14.34497756139911
 13.69362090262048 15.92189939882443
 12.87853442397187 13.20174479842375
 13.69916365173765 15.41800069841461
 14.01609081001448 15.82165925226776
 14.5899650464961 16.38090675134464
 15.00784342040606 15.50954333819685
 14.05950746445452 13.75788684204651
 14.46114683681014 13.34425721343066
